band = 1–6 GHz
eps_inf = 5.650000000000
DE(c)   = 71.848030960126 + (-11.710697339478)*c + (9.705806851115e-01)*c^2
tau(c)  = 8.081607866047e-12 + (-6.202183992817e-13)*c + (6.549275688871e-14)*c^2   (unit: seconds; table saved in ps)
beta(c) = 0.013517149127 + (0.012928376385)*c + (5.867094912158e-03)*c^2
